4.84543 3.7187 2.01084 -3.60805 1.82878
4.73064 3.73816 1.93643 -3.64318 1.7551
4.63741 3.76033 1.88124 -3.68685 1.69376
4.54103 3.79239 1.8255 -3.75689 1.6186
4.49405 3.84726 1.76945 -3.85855 1.52524
4.46997 3.90067 1.73707 -3.92938 1.45988
4.47195 3.95859 1.69234 -3.96893 1.4117
4.48442 4.01352 1.66232 -3.99642 1.38172
4.50748 4.07777 1.61823 -4.01681 1.34752
4.52264 4.12896 1.56924 -4.03195 1.3167
4.52507 4.15331 1.5666 -4.04568 1.32851
4.51759 4.16756 1.5474 -4.05342 1.32989
4.5002 4.17303 1.55369 -4.06588 1.33282
4.48444 4.17584 1.55258 -4.07436 1.33478
4.49147 4.19389 1.55221 -4.08648 1.35135
4.47705 4.17606 1.56542 -4.09146 1.37938
4.468 4.16593 1.59056 -4.10054 1.41107
4.46096 4.1719 1.5903 -4.11289 1.43026
4.43004 4.16091 1.5894 -4.11869 1.44351
4.41481 4.16016 1.59069 -4.13229 1.45755
4.38726 4.14795 1.61289 -4.13994 1.49951
4.36716 4.14223 1.61544 -4.13853 1.52813
4.34076 4.15162 1.60745 -4.15252 1.54462
4.30343 4.16764 1.59724 -4.16643 1.56863
4.26532 4.1858 1.60579 -4.18269 1.58833
4.21659 4.21807 1.59251 -4.21058 1.59015
4.18341 4.22743 1.59286 -4.227 1.59499
4.13154 4.24669 1.58633 -4.24606 1.59074
4.09056 4.25524 1.57011 -4.2661 1.57579
4.03874 4.28416 1.54063 -4.30563 1.54692
3.99418 4.32759 1.51198 -4.3586 1.51489
