484.543 371.87 201.084 -360.805 182.878
473.064 373.816 193.643 -364.318 175.51
463.741 376.033 188.124 -368.685 169.376
454.103 379.239 182.55 -375.689 161.86
449.405 384.726 176.945 -385.855 152.524
446.997 390.067 173.707 -392.938 145.988
447.195 395.859 169.234 -396.893 141.17
448.442 401.352 166.232 -399.642 138.172
450.748 407.777 161.823 -401.681 134.752
452.264 412.896 156.924 -403.195 131.67
452.507 415.331 156.66 -404.568 132.851
451.759 416.756 154.74 -405.342 132.989
450.02 417.303 155.369 -406.588 133.282
448.444 417.584 155.258 -407.436 133.478
449.147 419.389 155.221 -408.648 135.135
447.705 417.606 156.542 -409.146 137.938
446.8 416.593 159.056 -410.054 141.107
446.096 417.19 159.03 -411.289 143.026
443.004 416.091 158.94 -411.869 144.351
441.481 416.016 159.069 -413.229 145.755
438.726 414.795 161.289 -413.994 149.951
436.716 414.223 161.544 -413.853 152.813
434.076 415.162 160.745 -415.252 154.462
430.343 416.764 159.724 -416.643 156.863
426.532 418.58 160.579 -418.269 158.833
421.659 421.807 159.251 -421.058 159.015
418.341 422.743 159.286 -422.7 159.499
413.154 424.669 158.633 -424.606 159.074
409.056 425.524 157.011 -426.61 157.579
403.874 428.416 154.063 -430.563 154.692
399.418 432.759 151.198 -435.86 151.489
393.149 441.68 147.555 -446.071 147.56
389.119 452.015 143.073 -458.056 142.592
383.738 470.38 140.972 -476.35 139.707
379.309 485.216 142.329 -488.522 140.548
370.537 490.395 143.264 -495.684 143.472
362.145 492.728 145.408 -499.456 149.625
355.449 494.056 147.001 -501.078 155.041
348.959 496.609 148.994 -502.562 159.067
344.894 497.006 148.793 -504.216 161.287
341.738 498.07 149.086 -505.368 162.776
339.479 497.227 149.718 -505.351 165.643
336.617 494.397 148.42 -504.885 167.056
334.132 494.025 148.266 -504.63 168.199
332.71 490.929 146.38 -503.784 169.448
330.491 488.03 144.076 -503.297 169.872
329.104 488.195 145.857 -502.256 172.562
327.582 484.089 144.121 -501.378 173.672
