-0.1046098 0.02102626 -0.07387804 -0.03404795 -0.07516487
-0.1032048 0.02404692 -0.06602408 -0.05291129 -0.06961498
-0.09181429 0.03437416 -0.06189334 -0.08021347 -0.07409819
-0.04933336 0.05796095 -0.0596015 -0.12448 -0.08246821
-0.0339357 0.08453071 -0.05589002 -0.1172381 -0.07492756
-0.00523242 0.1315949 -0.07090619 -0.07420337 -0.06217309
0.01307508 0.1650912 -0.06999708 -0.05255293 -0.04654573
0.01539265 0.1682385 -0.07222247 -0.03525646 -0.03600248
0.004148675 0.1686272 -0.08129051 -0.02943983 -0.04011408
-0.005658255 0.1371908 -0.04155593 -0.02269966 0.00176335
-0.01881843 0.1250981 -0.04493586 -0.01839419 -0.0001473379
-0.01350529 0.1218769 -0.03407672 -0.0219273 0.006971447
-0.01631118 0.1227101 -0.05269792 -0.02133717 0.001982735
-0.001353705 0.1278862 -0.04362662 -0.01610825 0.01892388
-0.009597587 0.1208843 -0.04297194 -0.01956444 0.01542171
-0.005753829 0.1277414 -0.03547098 -0.02525327 0.01716421
-0.01332344 0.1043462 -0.02979141 -0.02581345 0.01863456
-0.02873544 0.1043724 -0.04446427 -0.02450745 0.01075113
-0.02056504 0.1117503 -0.04375118 -0.04048749 0.007972528
-0.02465243 0.08092088 -0.02025074 -0.04321896 0.03134878
-0.03055597 0.08967424 -0.03636031 -0.04089468 0.02478311
-0.03071715 0.07765663 -0.03990716 -0.04804838 0.02106103
-0.0435961 0.06720147 -0.02059763 -0.04497643 0.03308877
-0.0436473 0.07619023 -0.01846094 -0.0605424 0.0226786
-0.05712243 0.06709882 -0.02480904 -0.05178547 0.01109379
-0.05563644 0.06638242 -0.01820883 -0.05432597 0.001998484
-0.0556439 0.07045867 -0.04283671 -0.06783167 -0.02880052
-0.05805 0.07506913 -0.04447591 -0.08412539 -0.03829124
-0.0688774 0.0789809 -0.05456211 -0.09239368 -0.05478725
-0.0610495 0.1045775 -0.0469998 -0.1250184 -0.04908954
-0.0684606 0.1393014 -0.05654358 -0.1546972 -0.06315894
-0.06099117 0.219605 -0.09325342 -0.2526652 -0.0966334
-0.04848963 0.2919409 -0.07207972 -0.2545411 -0.05734519
-0.06237583 0.2821801 -0.02283473 -0.2064799 -0.02541057
-0.08354938 0.139184 -0.01411655 -0.10049 0.01913847
-0.07924923 0.07737087 0.00862803 -0.03754204 0.0559471
-0.06965202 0.058894 0.01168119 -0.006383825 0.05201274
-0.05641728 0.06215699 0.02003997 -0.01408986 0.0424319
-0.04277502 0.05498324 0.006995585 -0.01953659 0.02655453
-0.04042401 0.05236268 0.01266979 -0.01860699 0.01918274
-0.03134886 0.03147996 0.0145614 -0.01291338 0.02530241
-0.0347696 0.02091558 0.005382664 -0.005431839 0.018077
-0.03073628 0.04365929 0.01581801 -0.005749649 0.01320617
-0.02080966 0.02473776 -0.002419326 -0.004487755 0.01469061
-0.03127744 0.04295468 -0.002216445 -0.004554191 0.008119119
-0.0216121 0.06364759 0.02620644 -0.002060166 0.02518796
-0.02159384 0.05257464 0.005120678 0.0002077424 0.01440801
-0.01652614 0.09404633 0.01925521 -0.005702452 0.01559859
