-0.241272840060878 -0.271493452647402 0.74078755134494 0.0967732416244132 0.233375474895861 -0.0909621187992441
0.123600360442064 -0.493010329044878 0.778094505588425 0.0218329753386664 0.256721338903962 -0.165215651854595
-0.311509575411127 -0.78145795949522 0.93085656175431 -0.0355929222041664 0.25248527610901 -0.300039114621665
-0.589737108216033 -0.793790490735909 1.25068990782643 -0.210117302601766 0.156145833859654 -0.283195477499104
-1.02266212227035 -0.690740584425102 1.47256731322144 -0.414725374391619 0.153601854294462 -0.375025706779338
-0.967356023333615 -0.834921670131263 1.63578095126551 -0.443512603101613 0.0864640894789937 -0.386441420227335
-1.26160279191381 -0.921339360112127 1.90800615095454 -0.598389328592425 0.07531873646566 -0.394022103140928
-1.6513901139655 -1.22920342151793 2.17176629376972 -0.626930732749594 0.100418378021867 -0.487575283733652
-1.13913827763293 -1.26654733957118 2.07508916679811 -0.824323971767471 0.112296989526006 -0.629202900473916
-1.19784130369117 -1.32961226056178 2.16695745879388 -0.973967896941474 0.00987211170961728 -0.582023214144376
-1.49518988423079 -1.69957832801243 2.53734572418155 -0.999198497410939 0.0099914234886939 -0.632019454213037
-1.6138105499794 -1.81039361603915 2.56750154046972 -0.965255463952913 -0.0289501006537409 -0.672297135237532
-2.09629110986214 -1.96232721552941 2.78163691948803 -1.16689816726948 -0.0612630228605484 -0.704563920136087
-2.27829017921283 -2.08668714141829 2.86278776400143 -1.22663030864948 -0.142756560547145 -0.762478547648502
-2.68633124286682 -2.1051653969831 3.2983242891943 -1.27418253326833 -0.0639184471131928 -0.801509052034694
-2.52170596559605 -2.0577688682551 3.65955746339925 -1.56315070319977 -0.198663576195732 -0.875380960852543
-2.72223826785098 -2.04483057341495 3.92509504952362 -1.61258779478921 -0.211533090912326 -0.892947662346462
-2.69589064579512 -1.98986711434622 4.41240598910791 -1.55947276425491 -0.392323425954079 -0.947354455473356
-2.95213239627713 -1.8884730900806 4.53691949707451 -1.78673001290522 -0.51302380642788 -1.0503689253193
-2.87477236144132 -1.87289568110594 4.61620860184303 -1.79132699028404 -0.379053348521542 -1.04611627232509
