-0.423948100449564 -0.620356907832997 0.546199267644763 0.0815722077214656 0.151551888582073 -0.0673081588317055
-0.341237186544792 -0.940461274314075 0.632436473644348 0.0473374227168876 0.215703969134743 -0.0937683214087347
-0.228161103379521 -0.774043292268085 1.08505412926832 -0.0745930093954477 0.220068708378082 -0.178704874542396
-0.586474309419676 -0.888313367278769 1.17971122344622 -0.235336934649108 0.0754397506572555 -0.269132281834972
-0.929308439194981 -1.13629840436119 1.37674264790746 -0.260468377801935 0.0320805128146997 -0.272241964296684
-0.820211499421421 -1.18440321550457 1.40936636567294 -0.324727518717647 -0.0193863514419945 -0.246559278195681
-0.887680485908371 -1.30621722786336 1.48449765842172 -0.480593833536646 -0.128007139443357 -0.372533281451639
-0.860712396250422 -1.54052999113677 1.53084413528362 -0.618700366125282 -0.0302210406040483 -0.449315605361926
-1.71400115078653 -1.68874547870205 1.71163882862159 -0.64475622416809 -0.055816492174124 -0.411990238678364
-1.7122972266266 -1.61756827496483 1.85858533927745 -0.891121618060033 -0.0125899998629977 -0.407960263984179
-1.73638329270176 -1.72259424170371 1.89422838140492 -0.99434918178103 -0.0375828474537945 -0.477101013991042
-1.4949439185922 -1.86410109536325 1.95387543446648 -1.12803471533945 -0.0471478371014999 -0.40015042445101
-1.76256385296683 -1.94061301235296 2.07448388742451 -1.43831652997934 -0.0814290708854293 -0.423803307915668
-1.93967889078215 -2.06523888948816 2.13998642761733 -1.48359493478987 -0.111259591638547 -0.531047790696326
-1.89972823107967 -2.37158778305429 2.24388443343267 -1.46892120143335 -0.168798314813026 -0.591026298417115
-2.01688653024454 -2.48502903699987 2.26114036496878 -1.56479153420276 -0.143202927372554 -0.67171717816871
-2.31218940667601 -2.52521304146378 2.39610942151565 -1.79397202025046 -0.176213365616877 -0.680061240199874
-2.53532721786362 -2.84196982378184 2.356343029633 -1.63316254055899 -0.164355932976665 -0.675302008805929
-2.56419019805916 -2.80006759665747 2.62166613751708 -1.71836789473434 -0.277219665406022 -0.780204385618126
-2.09582634791274 -2.71234574194021 2.72091994166797 -1.91463556726176 -0.142973867919733 -0.709777141331029
