-0.10885845534593 -0.324640856759848 0.783631438298177 0.152181766321727 0.304125785715763 -0.0287948432587399
-0.365592577892321 -0.660038533519447 0.941256072261624 -0.0390252231887277 0.337805571060723 -0.110891972873359
-0.168808084255833 -0.773114586388187 1.05181823882756 -0.0655568371694906 0.279490474115775 -0.168767286559328
-0.506619940521891 -0.69895160155083 1.38833640050077 -0.154058159003031 0.292518648224665 -0.166540696687041
-0.800837871777814 -0.899297256602872 1.65591967863481 -0.228040642737507 0.319047815153595 -0.206623383287087
-1.32875448969049 -1.05242533657665 1.82024491458462 -0.215261369919552 0.254842413664469 -0.189232176564511
-0.687649575173139 -1.00883302984619 1.97450367837321 -0.479127138992128 0.375314341219053 -0.238111453555463
-1.43106165909939 -1.19660020615192 2.40231526058303 -0.470845769954077 0.316786203270832 -0.213657040804961
-0.79607172957054 -1.14753181566693 2.38385567744719 -0.654432367723441 0.36050784909873 -0.303287092706078
-1.15280319293932 -1.47520898350055 2.58955361325172 -0.744570109192942 0.272104748487232 -0.284563732890391
-1.63776564040966 -1.40703628354324 3.10082796412331 -0.9211174983158 0.189824194450149 -0.244085282257244
-1.62248537015054 -1.53265723444903 3.31486397854638 -0.930041823578247 0.214206873975684 -0.287203854995904
-1.74214996473227 -1.55171966506768 3.31726978400398 -1.0707915783572 0.231343882840111 -0.307262521214467
-1.79085465419086 -1.51466962429093 3.47407610461405 -1.2551200178846 0.163834434308751 -0.43806637378548
-1.90965190642605 -1.64832839541676 3.72588986462266 -1.42380894149689 0.112584217872288 -0.510923613042563
-2.45406996308336 -1.95943597597115 3.6582284194093 -1.41646588509912 0.206994969205786 -0.504432210441673
-2.41582985603721 -2.22529089896802 3.9359744156962 -1.48876995916267 0.204384503007012 -0.591953143300385
-2.72059830376219 -2.29267366275985 3.95897828535503 -1.49018134476545 0.100916869020418 -0.683072041040107
-2.92723749434088 -2.3401331090174 3.99296225598282 -1.62635046789444 0.148161904141644 -0.711385687903673
-2.74447785220517 -2.48385907215001 3.88662576436342 -1.54263734658284 0.32837726260267 -0.690240642054639
