-0.377677230011383 -0.263930875483094 0.395199670958098 -0.223749168940162 -0.0954735189463539 -0.0962468199634013
-0.750601751509039 -0.284218606114623 0.348611282225768 -0.267039161285212 -0.00193296955495971 -0.114154737691995
-0.464393982502099 -0.330183754224763 0.314668892354548 -0.237654446611313 -0.0168100000216054 -0.163829080411195
-0.293123147787291 -0.252411617544194 0.326335397290287 -0.193672928139815 -0.0827508025372459 -0.1020576310033
-0.143927246061974 -0.152300018492493 0.456847664420936 -0.260048557883895 -0.0437110292984064 -0.0707515043268447
-0.377389873174771 -0.120196163860068 0.415021300207137 -0.252945775688217 -0.00132487046729896 -0.0689372489599114
-0.188022216476894 -0.313589468565944 0.327325852680048 -0.173812913997016 -0.0550293650862968 -0.0850554062583973
-0.220634644029451 -0.314364317114224 0.303506220600454 -0.192185427515114 -0.0369139878591635 -0.10458513070557
-0.342868626889716 -0.448201314091612 0.334709777041625 -0.135701722011692 -0.0820796441082339 -0.0925492001728733
-0.381143429890503 -0.43232022954801 0.422471615869553 -0.0319745347743218 0.0136344765461556 -0.0927012405244154
-0.226693332723756 -0.426144061608807 0.341957326973904 -0.154178634683402 -0.0608374543974437 -0.106130506703602
-0.41015206587578 -0.244051398918849 0.440530133035491 -0.205175504651861 -0.097543021253969 -0.128873931598284
-0.237119176626713 -0.317217209269134 0.270503958646799 -0.298515842815366 -0.0589706510050561 -0.148203243628249
-0.452839284373438 -0.222504983788702 0.442274164535747 -0.205626390506277 -0.0613630554281375 -0.138777198921875
-0.0882212507699737 -0.0560666280039225 0.581232975078871 -0.210744472411596 -0.106349696542115 -0.121558298503929
-0.0180336646719991 -0.144188617523109 0.525570760356882 -0.177808237830482 -0.156538469028833 -0.186427509376135
-0.394579537749672 -0.277455753186803 0.545639507393941 -0.239315529338758 -0.0174302173553196 -0.197128513086999
-0.493851049133863 0.00350709220778834 0.526817606068159 -0.253532987973044 -0.0396113731605756 -0.231225616127271
0.0757996542843772 -0.0159188908698264 0.584724305295439 -0.142886349570971 -0.018107812764593 -0.187449130153853
NA NA NA NA NA NA
