-0.510341407118909 -0.357520826833423 0.381690608475324 -0.156793672972277 -0.0898039785247691 -0.0981042252489525
-0.300698623809748 -0.239346041992078 0.375690762935477 -0.206464754433548 -0.0742069976845233 -0.0804490060399653
-0.246311853329341 -0.180489031184173 0.25443132775405 -0.180783621815296 -0.147402261120213 -0.095575498666155
-0.365218179725925 -0.260031892683613 0.296874866383571 -0.206220148014012 -0.0271369425418637 -0.0891599148421713
-0.366371812275843 -0.306966720078315 0.251372518837562 -0.168705581770326 -0.0645569512859303 -0.0913147839962407
-0.336384859092749 -0.390150910272301 0.243331511627806 -0.174981002786642 -0.0668850136470971 -0.0901776850340632
-0.274007007479387 -0.204503173677128 0.298552719991734 -0.233185731794042 -0.00752111402804807 -0.06416938972725
-0.284696504855269 -0.201910723012574 0.29805354490112 -0.201771975507323 -0.0987874558921961 -0.0848801028326838
-0.210082901974458 -0.0986514907170388 0.390098136494033 -0.1902795017903 -0.0357469663597153 -0.103149523423688
-0.194966606837563 -0.2035367979914 0.250537352557323 -0.253277061036921 -0.0905836643938317 -0.117308773620926
-0.254385948200773 -0.29763711010213 0.249699318573346 -0.245404218679378 -0.0518457571298698 -0.0661781187074766
-0.244262000919592 -0.220875103873311 0.320184764146314 -0.286810314168975 -0.0148893130599196 -0.0857038871512828
-0.222232240634526 -0.267940177599168 0.282143262574899 -0.170331720361177 0.0206655138083905 -0.114934796020241
-0.301029456960824 -0.29505740053822 0.270206907776896 -0.254759680390259 0.0203232194677263 -0.107871174915393
-0.344939313188067 -0.199881630022597 0.335680990934787 -0.207123399062749 -0.108781510686331 -0.116664004208454
-0.228852609684027 -0.0860803557121203 0.430051159531821 -0.246137383281522 -0.031028107800465 -0.106117854367909
-0.226015088105131 -0.241344635651577 0.289174874020528 -0.218111094510414 -0.109731126061567 -0.141648621550493
-0.133516291701348 -0.14254275314016 0.448983086311471 -0.219916825994533 -0.0695342164824161 -0.14501833088748
-0.174124313203512 -0.162674831082228 0.539094801997384 -0.282883090833823 -0.054229358836837 -0.097622385588349
NA NA NA NA NA NA
