-0.540882632951548 -0.443028271787471 0.291118990764845 -0.263294554615047 -0.0975781092520705 -0.108992512441696
-0.345481764861 -0.327102025522797 0.322716693592261 -0.151650266693077 0.0128229499747304 -0.097215715943571
-0.450444943961953 -0.287071629024685 0.347732288978935 -0.243905237584567 -0.0275677387225633 -0.0572244947216908
-0.429092670849505 -0.224186024606869 0.441586225063336 -0.0906935437942958 0.00817303283390256 -0.0845840859754075
-0.346830832508365 -0.181507778695199 0.34354828842415 -0.19331655157134 -0.0634160223677566 -0.059276417726107
-0.0950074179227421 -0.213413764412853 0.317754894386976 -0.330360575423132 -0.0128385677845276 -0.0904757760279302
-0.2679294952398 -0.274215452347062 0.369048369220623 -0.185250667508242 0.044267612620662 -0.109063218770416
-0.191125598741021 -0.208145108766168 0.40994195654063 -0.174330393501558 -0.0640401468410916 -0.128254853016214
-0.39495982683047 -0.300451297622549 0.418431292221306 -0.264290348881395 -0.0609248372319845 -0.0955949250851007
-0.461518535209747 -0.0808385271528669 0.485157394853784 -0.211211586477668 -0.0581633338730644 -0.112906578869558
-0.103221539003975 -0.283659687065934 0.429604892874964 -0.192965950715156 -0.0289873107339674 -0.0973800009501838
-0.166567949767593 -0.0233611362263443 0.56673287841427 -0.160601691900345 0.0102968429033736 -0.107613414135588
-0.117648160849705 -0.0789360982858921 0.381297458551187 -0.354712620459953 -0.0879082601130541 -0.129020504559635
-0.377001346990985 -0.21967659250705 0.312483065357448 -0.173241494855781 0.0328338660465118 -0.147520913743103
-0.566872550471171 -0.24103048079327 0.378784837833029 -0.403729851586598 0.0237507029327589 -0.0921022159841584
-0.256107225705169 -0.338096935196568 0.415426916085929 -0.298536816386283 -0.00546488723445331 -0.105763054263303
-0.490197137189041 -0.150528946152602 0.487969418582201 -0.285232404679856 0.0208980867887425 -0.216726873103033
-0.375961549881881 -0.165508750828472 0.473049891807391 -0.332840196907762 0.0726714772220706 -0.180533621315218
-0.14537152466923 -0.0701261778653835 0.48096048186048 -0.308297409625907 -0.0122194621556055 -0.223446882072
NA NA NA NA NA NA
